"Distance","loc 00001","loc 00002","loc 00003","loc 00004","loc 00005","loc 00006","loc 00007","loc 00008","loc 00009","loc 00010","loc 00011","loc 00012","loc 00013","loc 00014","loc 00015","loc 00016","loc 00017","loc 00018","loc 00019","loc 00020","loc 00021","loc 00022","loc 00023","loc 00024","loc 00025","loc 00026","loc 00027","loc 00028","loc 00029","loc 00030","loc 00031","loc 00032","loc 00033","loc 00034","loc 00035","loc 00036","loc 00037","loc 00038","loc 00039","loc 00040","loc 00041","loc 00042","loc 00043","loc 00044","loc 00045","loc 00046","loc 00047","loc 00048","loc 00049","loc 00050","loc 00051","loc 00052","loc 00053","loc 00054","loc 00055","loc 00056","loc 00057","loc 00058","loc 00059","loc 00060","loc 00061","loc 00062","loc 00063","loc 00064","loc 00065","loc 00066","loc 00067","loc 00068","loc 00069","loc 00070","loc 00071","loc 00072","loc 00073","loc 00074","loc 00075","loc 00076","loc 00077","loc 00078","loc 00079","loc 00080","loc 00081","loc 00082","loc 00083","loc 00084","loc 00085","loc 00086","loc 00087","loc 00088","loc 00089","loc 00090","loc 00091","loc 00092","loc 00093","loc 00094","loc 00095","loc 00096","loc 00097","loc 00098","loc 00099","loc 00100"
"loc 00001",0.000000000000000,0.489975852157278,0.443235897089166,0.453927685597057,0.342405969051776,0.473857219511929,0.272384330450163,0.501043928500163,0.428965325293234,0.346721762103618,0.459856970929618,0.269282819587036,0.548321181659229,0.402932286240636,0.384068053314911,0.328052942694426,0.517452863692258,0.575875578559073,0.398562467111482,0.404483726169423,0.368993116677644,0.512969865475427,0.357213110545314,0.342817351276966,0.618355435628693,0.519388587369756,0.325476120155761,0.307156525788092,0.428337125989934,0.555424372838695,0.416214304048118,0.699274843291999,0.436324389106173,0.306164051076493,0.372871928232357,0.309557104566596,0.670490738103418,0.240120077022892,0.326745019455435,0.447350400457906,0.760154142221125,0.362970515670758,0.258021464787497,0.395556346519809,0.721303549099662,0.162355812201745,0.304933548190203,0.447368558797767,0.438152580366931,0.236902609832726,0.323372101303109,0.380194792806882,0.354519626013195,0.342588575777826,0.357251464988206,0.272168291687410,0.353332231789540,0.417161308542183,0.646190992033047,0.399221740141427,0.333406903728349,0.281571098156597,0.408272242138975,0.194668339012367,0.338014829423872,0.416624152776351,0.498708067798363,0.442659466912762,0.302938821860236,0.423458496724475,0.409734434890990,0.454211736273867,0.314782557504963,0.211490924635412,0.315699595845559,0.403964073383204,0.101294015042850,0.643327040922929,0.490713726403316,0.527464008561185,0.200172831597667,0.292567951359114,0.524274989505465,0.373922726154242,0.265289171289451,0.133024136722795,0.429966500254385,0.338108610738841,0.376081157141131,0.378722045313856,0.311166029664144,0.289802895318332,0.430223294146766,0.370475250568401,0.338970961500464,0.398920544226304,0.470235046643329,0.592657252363121,0.467371123866028,0.382973402333790
"loc 00002",0.489975852157278,0.000000000000000,0.756832279369583,0.805725174387326,0.749948421875859,0.800462875010851,0.690812191968598,0.048702428314822,0.766299347484900,0.682463892476681,0.093159569592604,0.651821943555974,0.390393984467641,0.741407824086156,0.796347503933398,0.555958527145721,0.789872005626702,0.895737195905935,0.728682813424536,0.703514304672372,0.454272612234504,0.062680125068467,0.749324049488278,0.878297641829223,0.776253425750935,0.799284946387653,0.687273627582386,0.224292614262097,0.727223253350342,0.792114702222387,0.758051202508680,0.770521980756212,0.742636724556703,0.801081847538474,0.734026657570681,0.754585263398921,0.072167425038722,0.628739989264638,0.661867094113631,0.753959555358725,0.856728419909787,0.718816682247239,0.186849538575814,0.708327164806739,0.100669777055083,0.746928162470532,0.383550424718034,0.798508978802696,0.833424699893054,0.808773905790661,0.702391557042287,0.756411123326119,0.728053221872076,0.768812750121543,0.851397786989035,0.842020456840827,0.510824252290036,0.744514003547895,0.804906356174510,0.709295610509056,0.739221582773552,0.843011728236114,0.745220424078329,0.759953908281890,0.725421819016307,0.770282328822916,0.782579767812697,0.056210243582934,0.721574619734950,0.706415890609352,0.663955660487383,0.765938481591821,0.602301654105626,0.705106118479094,0.725893396819927,0.765275229684033,0.512475334976631,0.788130553772342,0.825020766048591,0.779584645680304,0.680313267288656,0.364113596862048,0.975519274015493,0.749404699185501,0.699859902948476,0.726046328943074,0.783589569844168,0.907186454041826,0.805540631093403,0.725253870267187,0.499416983669439,0.859172184871670,0.585697637745606,0.761142037342191,0.682181492528168,0.733530186376415,0.798547487595344,0.810236742701680,0.786604946865366,0.751277627583017
"loc 00003",0.443235897089166,0.756832279369583,0.000000000000000,0.222124442260422,0.122217126057443,0.319834483464156,0.228698602136786,0.732902390346301,0.034352281973589,0.239015857892345,0.601182286038145,0.205236584460511,0.594612634234199,0.246449560204083,0.711638274607173,0.151352561377985,0.156896204408842,0.833883752219577,0.552429623881680,0.338933645730103,0.261382837074356,0.776186219239907,0.126659510301263,0.730261547320111,0.425181410248804,0.104948952909420,0.267389507708227,0.333733074192808,0.149521706724951,0.356603951674011,0.130765673924293,0.783835097894787,0.089911652104577,0.548780792717359,0.168124163187022,0.332430948297524,0.957206763292452,0.246354346793307,0.137292722684820,0.124948824673313,0.524488816869057,0.174709853856653,0.618057749257425,0.178000528233202,1.000000000000000,0.442427664976936,0.245948324734348,0.159910255947144,0.534436437204588,0.506489203896496,0.176878195308972,0.096939248788100,0.221486968403682,0.261521189746306,0.710747955106506,0.677419674519862,0.243023707874672,0.069828607305865,0.383585453687873,0.099967759939120,0.168512925822394,0.691349328483702,0.130391095186719,0.400347171725589,0.141852202682644,0.059353811925114,0.071039561262071,0.613747730150265,0.138247202434798,0.545915659289167,0.248648824273871,0.110005588723157,0.220876853542118,0.199288640986756,0.207586765007520,0.444958448265528,0.360772932321366,0.353643972328085,0.277603848786707,0.454130080089075,0.245415551020185,0.196131860093540,0.966357871734816,0.109315989619654,0.237558365008511,0.366014021512407,0.189622954740694,0.800989646064871,0.586649528651324,0.177962465960469,0.460613352083879,0.645447767324414,0.107896171442846,0.286854198956181,0.283568478150062,0.082607826898217,0.504886265208647,0.587073187878297,0.066414923991072,0.257227958188875
"loc 00004",0.453927685597057,0.805725174387326,0.222124442260422,0.000000000000000,0.142701679685297,0.653879027590778,0.205116490946376,0.784265369762573,0.150132014408245,0.185756970920574,0.704933092909249,0.199534890363291,0.794155749300908,0.197911613966402,0.851438194296851,0.105647346221938,0.258723014548417,0.948640213886627,0.583484270326331,0.346314854336730,0.442579390618811,0.843010363294893,0.124662241160710,0.742598958038448,0.713681768723844,0.234461457766515,0.193792090647254,0.497473616910072,0.300910700080084,0.438655895491278,0.082971105159080,0.901635539153560,0.230863999066513,0.534185202569985,0.043638051165277,0.288394499566930,0.962110820876473,0.272330945294993,0.210270527266486,0.245107334258980,0.740917517225213,0.264493485060274,0.706060657208243,0.237488835970228,1.000000000000000,0.407342467832724,0.448610841021103,0.028545752215741,0.789232737752313,0.451232182573326,0.275625236780346,0.086718296308374,0.348141164659571,0.283113157252387,0.804759134617026,0.714019467933612,0.427111660742450,0.253931858768834,0.638858303146632,0.258664528794827,0.137485705453790,0.772543336105288,0.055500158172170,0.321940935760472,0.152779922366646,0.083570195428721,0.322096594254151,0.711376064641468,0.185850467687658,0.421550569085405,0.379694768742086,0.190837323444985,0.216342941663372,0.182511991055163,0.281852697555171,0.445727616256248,0.381447991018970,0.641618134258415,0.074872832657306,0.564848023180365,0.239643431938454,0.338370511888333,0.977142028816077,0.069382365688354,0.230063707926127,0.419330954828246,0.025557739386895,0.757693024372917,0.796809468857225,0.163429961845539,0.426256433269323,0.735835719620190,0.288269853853426,0.188305639144243,0.200992843445831,0.183992191672242,0.458286069333516,0.782588233600677,0.114151473465437,0.201739647525932
"loc 00005",0.342405969051776,0.749948421875859,0.122217126057443,0.142701679685297,0.000000000000000,0.474357649351082,0.128935642157720,0.724312495455278,0.082349827851450,0.198358754887262,0.595821890452998,0.099885430673669,0.706830935462824,0.240950305977665,0.705733847532651,0.121181974309314,0.258065695691521,0.833932670117763,0.588726013235283,0.335856716054837,0.235472326492434,0.739027519196703,0.083114756315562,0.664339311664690,0.641502324193441,0.225043236811524,0.193603724952812,0.349121634075576,0.155420490564234,0.462624404049883,0.099760460865433,0.879691257533639,0.130411472668394,0.449071125685178,0.123731676430230,0.307066518790710,0.955881320668632,0.232050931173178,0.106959062822714,0.218453935255589,0.736874313829218,0.167771039368058,0.540005104610700,0.247670430061961,0.999999999999999,0.313578944339547,0.232824514340709,0.109101107105132,0.621781256972646,0.403535241063836,0.121273883562915,0.085180363390760,0.177547469961343,0.230356006976792,0.609999861353185,0.550529754829101,0.210561799838694,0.101605344058694,0.592556544556450,0.123564891349215,0.130492073248612,0.578828032643158,0.108881313996049,0.233683695655547,0.066340433681437,0.093678747346555,0.197496253375238,0.612570987126076,0.110926414580766,0.490616838275767,0.286954539273703,0.082479154386419,0.170842028345859,0.102549403229451,0.205866389766598,0.378814876991238,0.267645323586899,0.529944339340509,0.187885529853213,0.486405158899022,0.132183990016287,0.194434523405062,0.914905866848863,0.071933576823821,0.115273714511310,0.294287661602563,0.116658782754295,0.666804869663764,0.607364134337663,0.162533213145286,0.397879303902339,0.570494556064582,0.198151541360472,0.188576949382227,0.235352064525824,0.115780934891805,0.410147158289522,0.680857822214418,0.102106311013285,0.214313208732246
"loc 00006",0.473857219511929,0.800462875010851,0.319834483464156,0.653879027590778,0.474357649351082,0.000000000000000,0.508881259112484,0.801892142970510,0.396209153540074,0.575078486925558,0.687914846673624,0.474291760286917,0.475283406307364,0.552234192159920,0.377656305860824,0.542277277284800,0.375279323948262,0.520160471759381,0.438890733453753,0.593069942313085,0.504904438364566,0.785227540490022,0.477538700389181,0.592753828658750,0.281610573261279,0.333196913076532,0.563464544064599,0.504307621515958,0.461906652716081,0.438953688048103,0.527464424238652,0.609100429267124,0.419233325173616,0.561980840552091,0.569729220693651,0.511863421846652,0.958823228356132,0.396421759582462,0.420489717632141,0.378802381621549,0.377403849519426,0.477693315004685,0.612917691292170,0.483964323296150,1.000000000000000,0.497795352820335,0.431195443359800,0.579917154718593,0.155292204576508,0.509186579043686,0.435811978839143,0.477746580009965,0.414328014324296,0.502937428283004,0.495353545222600,0.513164407755890,0.464027892538771,0.329321091293538,0.309552044705161,0.391482680957012,0.515531205240945,0.497498970354429,0.541318929984794,0.486230244903495,0.487186575231733,0.450058520529075,0.263950885691473,0.696789556980744,0.415302674790921,0.709188100466384,0.484999008303027,0.505610044554288,0.479026218921292,0.438979208987257,0.409029542849231,0.600066217494048,0.444763393558331,0.265970339205840,0.640059365067829,0.499981610103570,0.457178082520103,0.467420360964920,0.723146848093608,0.500864637009198,0.508048211699962,0.389184115356522,0.599877320887586,0.657175306739934,0.286840525890701,0.529973048361305,0.667325143330795,0.484381899252137,0.408889964640703,0.575633027202856,0.595078777677575,0.406372630464139,0.673783819031597,0.431854026384836,0.444654675669428,0.513482190655231
"loc 00007",0.272384330450163,0.690812191968598,0.228698602136786,0.205116490946376,0.128935642157720,0.508881259112484,0.000000000000000,0.721917948019886,0.197334199814648,0.188803446226426,0.623671404335041,0.055775938914274,0.556462999334234,0.203931471123990,0.617413483374394,0.190051928259121,0.306253167231069,0.640947274071781,0.466313740468657,0.271238381442333,0.349419516744564,0.743933227226255,0.128819703273164,0.604235596448994,0.623673353255481,0.302115288095716,0.088106559606158,0.321612460702538,0.183671315114838,0.409439687234080,0.156743522032407,0.751444582626263,0.221718955826005,0.360505060311050,0.159613760496642,0.208581508969079,0.927493660114133,0.169750833278504,0.087348733843762,0.225107957990165,0.703869468125013,0.106769235872543,0.427598760243573,0.248267466273880,0.977665732366174,0.248009286127623,0.320205330283079,0.201570746639551,0.562941153234316,0.317702590903458,0.119414123544724,0.130669933529753,0.150997128042184,0.206349434092103,0.590460833747712,0.498229026659780,0.324890881042840,0.199472901103490,0.599737921951313,0.149259339477730,0.135984571793095,0.562873666267727,0.176028846305953,0.178231382540164,0.091113932034143,0.180737417543985,0.312962837495093,0.604899928780057,0.096224307285117,0.324496032788335,0.276317230832075,0.246931739444657,0.175179068647687,0.083106450926548,0.197028373058548,0.212855431352945,0.195553995174794,0.471597278032313,0.255039114686042,0.389598674943435,0.053011927337551,0.237892286079384,0.875981286084296,0.126795878366348,0.044344330902192,0.262141728832303,0.172461260068942,0.600236237744495,0.458075391254433,0.194788032592481,0.275116302784101,0.554405641996562,0.310219963811028,0.121379277877521,0.199694657055884,0.130048680690303,0.319072119691525,0.472756385776777,0.218569733117320,0.125694485489117
"loc 00008",0.501043928500163,0.048702428314822,0.732902390346301,0.784265369762573,0.724312495455278,0.801892142970510,0.721917948019886,0.000000000000000,0.729225951905061,0.698786038189987,0.043649173901481,0.675539171836823,0.441364392809511,0.762548191940444,0.842441515607561,0.529234694077931,0.787238469620787,0.957122704252037,0.764520678164325,0.735181127700868,0.382718830097922,0.039235949536293,0.746428513122511,0.903841854869840,0.785237034456436,0.781492299007179,0.733090770386925,0.211641287070767,0.722406818143059,0.822807615177108,0.753008229291488,0.833521632676492,0.707975331010196,0.837095321588793,0.714473973454305,0.796658156296369,0.061487797331473,0.661132340813286,0.679501202195125,0.762185529392690,0.885159637240231,0.726037493324573,0.196242098764566,0.718517652352036,0.117528318243015,0.774500937434835,0.340883758636347,0.764717250434558,0.870396072018744,0.851565582171045,0.712518816735151,0.745001556027541,0.754549102747194,0.772813272202873,0.858372793755919,0.872841084593190,0.445087314335401,0.732010459217031,0.771634665004209,0.711536108918935,0.745682672928238,0.846683269004573,0.713430214993972,0.791405511563081,0.731729616057857,0.748114966515016,0.749764065488118,0.062475189514261,0.744629451286420,0.768431182749493,0.685360048395787,0.713964242230891,0.595957835860770,0.721960049176737,0.721587750094542,0.803986699043741,0.558209048293508,0.814199696978672,0.809232363732939,0.829941113025928,0.713336738498332,0.354468464168480,0.989399718586001,0.735873606346372,0.730344174930778,0.746015132820631,0.769109307918174,0.937557067701665,0.862719989850438,0.719529636250399,0.523685949365998,0.866999602479570,0.526570667374127,0.798588234472256,0.706535556026109,0.739615923102803,0.833503721525894,0.874851508845249,0.748535043583579,0.795043731866392
"loc 00009",0.428965325293234,0.766299347484900,0.034352281973589,0.150132014408245,0.082349827851450,0.396209153540074,0.197334199814648,0.729225951905061,0.000000000000000,0.225528033016069,0.595423448832565,0.180171647817201,0.643950144127277,0.252619510350120,0.742677336366137,0.105456478074111,0.174965627910176,0.868540953068799,0.587803291043796,0.361382929399608,0.234094657055012,0.776757952100886,0.097837513569625,0.728150897865165,0.534582372707112,0.119366943661878,0.237974834765656,0.342406173139844,0.125490288452589,0.376293110564978,0.075174102767249,0.827114068968776,0.072818814658587,0.564582913594075,0.113841051929232,0.350379217951498,0.956441067082645,0.246545595277171,0.121221187962779,0.122041573037612,0.604426409177337,0.160559630729015,0.628574956732172,0.206650978273433,1.000000000000000,0.420839848031804,0.238753836061987,0.103805525494025,0.606960416110387,0.496672749880566,0.185805943455809,0.068414570425553,0.261336971297921,0.283022387083755,0.709045175414418,0.671105967597634,0.217641086156266,0.073154133304471,0.452631612086922,0.075854666679688,0.154561153392800,0.694267061508467,0.077908473569103,0.354349671463874,0.087361976446883,0.043763285927967,0.105752555555294,0.615558945797886,0.147764547167867,0.533107725711716,0.266454911072026,0.061552363081312,0.222309979356392,0.181710350388290,0.208138673342081,0.458470780480978,0.337761264944339,0.406258572602858,0.222338952949464,0.496386514054346,0.223139580582667,0.189867859940026,0.962545257231612,0.070707128966467,0.214876048727941,0.372165948221508,0.117284478297866,0.772117470218125,0.638567722731674,0.157907106948766,0.471846454363474,0.663859834206349,0.098085411177073,0.270186888387023,0.277579182503056,0.053446414800406,0.506044068019782,0.634700230789602,0.026982913464572,0.255259330712149
"loc 00010",0.346721762103618,0.682463892476681,0.239015857892345,0.185756970920574,0.198358754887262,0.575078486925558,0.188803446226426,0.698786038189987,0.225528033016069,0.000000000000000,0.615516541988413,0.180287478123562,0.667827162073058,0.075286413617683,0.684626112559502,0.195278139700329,0.283179364841303,0.840723864247858,0.459545955841611,0.090072231017008,0.400504186181582,0.744407695980508,0.133208063532484,0.666228513336097,0.498496700486202,0.311290852104958,0.112233355275900,0.408862316942484,0.308012411432537,0.401386897873651,0.168871170766986,0.733987170331732,0.254201862699350,0.318521104207862,0.124876895034640,0.140382925864631,0.887811696651336,0.139507638690885,0.190393301546154,0.213526654263545,0.627804973459646,0.225272760297558,0.562447244252382,0.071410275417135,0.929570728324652,0.303662106682326,0.357755868412870,0.208946181459535,0.674089962193084,0.340509855207235,0.138118369856898,0.127893726053363,0.202730482199242,0.146709291954610,0.763638586649871,0.634242055910508,0.385868373407961,0.261388769357133,0.567057061818085,0.266718881741483,0.074359901052942,0.722323165703358,0.199484736356732,0.342218853954182,0.170766058644619,0.149950947562016,0.338085282636947,0.611238976173726,0.115343967997994,0.206098312680184,0.116858418134765,0.265271804275726,0.182196403109151,0.125432282406119,0.150796402778013,0.252481204402778,0.274133157535453,0.562029565624622,0.223344311906397,0.324820113806489,0.187035999459909,0.244212640400519,0.941865764891439,0.148054306019933,0.163726971552804,0.281427008673600,0.206885860360767,0.754184775072412,0.700916475144132,0.054978889654373,0.224021598420845,0.676474591371493,0.318214509422364,0.156471872134276,0.024064771080685,0.249104290090866,0.259869092894056,0.704858959610636,0.234118672496293,0.169960469870282
"loc 00011",0.459856970929618,0.093159569592604,0.601182286038145,0.704933092909249,0.595821890452998,0.687914846673624,0.623671404335041,0.043649173901481,0.595423448832565,0.615516541988413,0.000000000000000,0.576131227570452,0.409952263050646,0.702345423981304,0.802837711545967,0.434595521596144,0.700462099260998,0.931870087298403,0.771352386790319,0.656711004584753,0.243167368123989,0.053800128395026,0.632509267496126,0.889635354511503,0.740108221747887,0.689371277107814,0.651802542329900,0.139988878793847,0.564130898858774,0.772212624676170,0.632356404703237,0.826795036050081,0.566408431746671,0.792773681689739,0.626664300716229,0.751040711208470,0.151461128657207,0.582491393524811,0.563169672187068,0.645663307870115,0.860324807448068,0.593199058154215,0.184816797723113,0.636347624958231,0.215138125596182,0.718607350829709,0.212296399840553,0.672966469082464,0.800328643440504,0.811609317052848,0.600069374732873,0.638931550197648,0.659946482224866,0.688361922109498,0.780692147902316,0.829632905723473,0.297106382961202,0.592388311401521,0.731084370437453,0.561974626036680,0.639706950529426,0.790585684674098,0.606179419080953,0.722663936421279,0.595619970535673,0.633065704987392,0.633166927488644,0.050365319962927,0.634858847746244,0.752715910699427,0.557976934908644,0.561825760335447,0.538673353800403,0.626073268845253,0.624181816745233,0.755104053569232,0.486070647564245,0.697356060315000,0.750628125290398,0.771732317328305,0.616464744947389,0.255225321776032,0.983402196672800,0.620104275017248,0.625002494542792,0.669509573836179,0.680113260706691,0.930133650574406,0.794212553734888,0.621314218703414,0.496798892025038,0.826678492545108,0.397305800541664,0.733540824267761,0.643849201280841,0.607616309911330,0.783432452140171,0.803343642822252,0.624618721480602,0.733880890909852
"loc 00012",0.269282819587036,0.651821943555974,0.205236584460511,0.199534890363291,0.099885430673669,0.474291760286917,0.055775938914274,0.675539171836823,0.180171647817201,0.180287478123562,0.576131227570452,0.000000000000000,0.553579352816608,0.190062659337941,0.579653306832154,0.143471924825586,0.280858061543742,0.690337969683573,0.455057500562101,0.281277424736361,0.302444665286021,0.674836456891956,0.118555331525034,0.615626967867323,0.589263522579544,0.269233856125539,0.111690659487357,0.289408032833011,0.225542240067818,0.399856890765991,0.162755632153500,0.748862433024851,0.216540208130615,0.398162486108616,0.146908615217291,0.244694430963764,0.880940554120545,0.177429638019656,0.082455718479436,0.227439986784079,0.670679970584068,0.188331375826007,0.426062162902153,0.232310995605363,0.924406489831488,0.255307845513506,0.253979554188160,0.183690908141811,0.537326646187660,0.339077410231960,0.096550731312374,0.117180669564435,0.109703394491257,0.246514271627737,0.571843646817233,0.481746463550987,0.279798198149880,0.167320365855746,0.593569314240335,0.155473573540883,0.156208051069064,0.559426299880897,0.174891383901977,0.187399531203103,0.106766498393154,0.158097731603547,0.263786492185049,0.540439594776415,0.099494370069322,0.357663231640444,0.287487546966441,0.238323092958671,0.101713870761244,0.087790721156309,0.233962498295238,0.272130464579790,0.178236646096883,0.500971712149891,0.216652320881802,0.380570840113353,0.078619168993334,0.191081537658156,0.895872521199306,0.121328562181366,0.058990275227666,0.266297443969289,0.163945179829143,0.595478167903357,0.473446513738383,0.176884996914227,0.299554651448414,0.531887283945825,0.267948974010416,0.121053696844383,0.197655736305703,0.148605476488680,0.356640033279930,0.558879530418400,0.202876444151644,0.139947493294748
"loc 00013",0.548321181659229,0.390393984467641,0.594612634234199,0.794155749300908,0.706830935462824,0.475283406307364,0.556462999334234,0.441364392809511,0.643950144127277,0.667827162073058,0.409952263050646,0.553579352816608,0.000000000000000,0.640177127464428,0.603396297754662,0.585117279958061,0.600463429561611,0.412625589107584,0.503963327691271,0.604049051063767,0.555663251361873,0.444259792798343,0.707286111564980,0.863584704467388,0.498091152493550,0.570456974566392,0.546679266068712,0.288193102113794,0.556331803192185,0.585173987509362,0.667932132349317,0.416172128789663,0.587527538969579,0.631858611173503,0.723823716924417,0.622683328221559,0.500657480070191,0.493335172784136,0.491833373051583,0.541653518392127,0.533256397299467,0.550341537112415,0.339774179794455,0.611220210321427,0.523067305553328,0.757565041784461,0.453468332231883,0.742714182782618,0.463093708755781,0.664232699297114,0.572187600297400,0.652225649019677,0.570973668079198,0.631805106404076,0.816930830457577,0.830822045135017,0.582690403103079,0.547690388806334,0.526848266979644,0.528329729110793,0.699714011021443,0.821360998341657,0.702408704929497,0.622102083837483,0.630235733401453,0.666124125010879,0.547204708444541,0.359592877848174,0.575403645650880,0.544144643546779,0.564360028902290,0.733623737579531,0.534752501270428,0.652012413770296,0.580867947643990,0.478129134457875,0.509032378994936,0.257951216118667,0.760853933232197,0.394777519540193,0.578616730992330,0.392892372350547,0.950161876065030,0.695460097493119,0.581030684316640,0.694747063190471,0.758427966404773,0.902936960351000,0.450170821470823,0.680918551482662,0.412753568774223,0.819515142880903,0.504614405622094,0.619111679770880,0.654707528458127,0.549544233497928,0.539522154746378,0.313300988299765,0.664786421054750,0.574724472686018
"loc 00014",0.402932286240636,0.741407824086156,0.246449560204083,0.197911613966402,0.240950305977665,0.552234192159920,0.203931471123990,0.762548191940444,0.252619510350120,0.075286413617683,0.702345423981304,0.190062659337941,0.640177127464428,0.000000000000000,0.656618098311946,0.234224573017971,0.247675209975249,0.786794251114757,0.365025741588484,0.109071574944973,0.515755822061699,0.798125469999050,0.149416561785396,0.648357548230205,0.475242559245536,0.296299837906023,0.130430196723518,0.468038527209015,0.411567445772634,0.346193420862808,0.231141704223105,0.667149894815492,0.324412604493012,0.305498300435971,0.143821278188203,0.081086428063216,0.927359074048835,0.134979564474528,0.229868912880475,0.228686913198051,0.549176498968367,0.291230032539483,0.613525664030765,0.060250234040275,0.964363818398217,0.313000829590744,0.442342178343839,0.224337710926850,0.621355629458975,0.302224499992821,0.189401926109064,0.118323069128599,0.178954881292267,0.138206291287039,0.782037149295805,0.631532996535872,0.500124973085379,0.300638942267735,0.527593578031600,0.337114958282770,0.090996514627497,0.735583114264125,0.235623871698149,0.337482689870120,0.243851325675752,0.169083371245617,0.346605628558638,0.669555559923565,0.142857424071537,0.174207847409959,0.221388477685946,0.368738523436729,0.165345993414829,0.135929704939664,0.188707272392100,0.226341122891656,0.328261986213962,0.536617492853865,0.191921730545144,0.287650476367563,0.214759739163007,0.318755637468504,0.939666078897772,0.156439900769065,0.205713888476672,0.314590989709589,0.207965994237607,0.726528342389181,0.685965036851422,0.092535327833624,0.211240402655901,0.658596500194489,0.380759408731939,0.126439667239115,0.060019868643617,0.277661212481320,0.260571109311310,0.693096288783523,0.261121030034813,0.127335387921807
"loc 00015",0.384068053314911,0.796347503933398,0.711638274607173,0.851438194296851,0.705733847532651,0.377656305860824,0.617413483374394,0.842441515607561,0.742677336366137,0.684626112559502,0.802837711545967,0.579653306832154,0.603396297754662,0.656618098311946,0.000000000000000,0.754904919525146,0.672931695425077,0.348770386385781,0.369026768524236,0.635381287278076,0.738138288353163,0.792664541933473,0.629875217949998,0.297314605828623,0.511060197801321,0.750489958154265,0.658274146308786,0.684901432489318,0.773109393036356,0.518400134927078,0.799893756201792,0.421356776845534,0.777702960275758,0.466495442619768,0.737377871497530,0.540912063792726,0.917845012911611,0.441002575274356,0.678255264355414,0.648691446575852,0.523219695751958,0.744196643502110,0.558449498980279,0.659466194636753,0.943347358635746,0.343637682583415,0.634105145597467,0.834859061193637,0.196172799238269,0.327850826046463,0.644537671991879,0.748280521637350,0.591542231651699,0.663554217104613,0.247284960003426,0.214518098945736,0.691375903555668,0.711390317777539,0.597206754271590,0.697905496616857,0.664723819760884,0.257808015098792,0.802934528686884,0.420773021715392,0.724941696319304,0.747329993303956,0.718040569126517,0.766937081493310,0.632315194359832,0.616815504271019,0.617545411707504,0.823748649785867,0.674021075893342,0.546223420001778,0.547232173817064,0.597557696498241,0.420174540684417,0.529601584787289,0.837648916388336,0.511576897196854,0.552788142442708,0.713176051331736,0.413828892121030,0.752130970435097,0.604093825976751,0.271356210610025,0.811166975900574,0.282423808296359,0.261013278800635,0.675188881917368,0.681321663997606,0.265507786712171,0.762219911854913,0.713235140792832,0.683230865100208,0.715405468444010,0.670895039919926,0.561918410171241,0.797161461057324,0.668276713249479
"loc 00016",0.328052942694426,0.555958527145721,0.151352561377985,0.105647346221938,0.121181974309314,0.542277277284800,0.190051928259121,0.529234694077931,0.105456478074111,0.195278139700329,0.434595521596144,0.143471924825586,0.585117279958061,0.234224573017971,0.754904919525146,0.000000000000000,0.244405038899065,0.909300144414000,0.543806303481887,0.345576614812198,0.200767149286177,0.569881986354025,0.122134995240802,0.723345270734303,0.635995580292070,0.222143509093509,0.209613540491330,0.244476912309921,0.216402233045279,0.395908673894620,0.112264147292583,0.807379022204942,0.171404230323412,0.565489880965257,0.069389066112767,0.334402041920550,0.729926582031089,0.223335163455153,0.151914550212378,0.220362050232760,0.685701170007432,0.229493248787809,0.484777081376133,0.222567000957153,0.774448027732308,0.410228239973937,0.197928954418774,0.089636713700767,0.710485645045368,0.482396392380109,0.240102027950354,0.106466100527070,0.313743572034351,0.313648437033658,0.730996864331708,0.683731911492292,0.199715113880124,0.185211932717575,0.573373134943035,0.163645888511062,0.164123251638137,0.716991000862889,0.067421319156015,0.331685967836446,0.139620381164517,0.089019614591634,0.249619035796739,0.435456936514889,0.178391572784031,0.454201551291282,0.306741897374800,0.137019056427760,0.167852775725177,0.178836202451560,0.266550893142104,0.476317534535183,0.254183750559015,0.545133131881967,0.192810658841374,0.552491796357345,0.220790020802382,0.145236713152823,0.963986587311600,0.083213991543129,0.218694269023522,0.372520925829902,0.084262253969732,0.755052055175453,0.717137812601206,0.168374737989278,0.361882265119282,0.684717785408898,0.122146176620771,0.257260189553330,0.226861666710254,0.125304642871063,0.513342691832435,0.719266764560844,0.104947088112810,0.262406295079193
"loc 00017",0.517452863692258,0.789872005626702,0.156896204408842,0.258723014548417,0.258065695691521,0.375279323948262,0.306253167231069,0.787238469620787,0.174965627910176,0.283179364841303,0.700462099260998,0.280858061543742,0.600463429561611,0.247675209975249,0.672931695425077,0.244405038899065,0.000000000000000,0.831786126068914,0.363936709356379,0.421493963860010,0.459954905610898,0.829397184827803,0.184428020592918,0.720209748422201,0.319569044490296,0.094326361652802,0.277764598878680,0.452093698784180,0.358361431670037,0.192424643161522,0.213711573588004,0.659298127708184,0.224737493365133,0.619234427350078,0.211596361678841,0.323157540611182,0.962417874669279,0.228880357454508,0.229319407641702,0.096184753718633,0.321208660532779,0.326187366624161,0.693840772970508,0.238080036000597,1.000000000000000,0.455386381407749,0.418277611621814,0.234905274127018,0.514891855227242,0.502390902178871,0.310021805543000,0.175795722028769,0.270370556922634,0.366979544616134,0.774820046004783,0.702762636189941,0.440752880469012,0.168914848639870,0.287955165388369,0.248936585953564,0.262426460682162,0.772260663341760,0.227242017285304,0.452544207387488,0.266779056014756,0.162077531595252,0.176492942097886,0.693379192523969,0.226757395057222,0.487173965205990,0.360459932308295,0.307326826140224,0.258111782024829,0.275899402541594,0.263693123983257,0.506183287888669,0.403131933455065,0.365261984641949,0.256511579597189,0.470104516884248,0.351582876579040,0.319763796514852,0.963972361518390,0.212668870476471,0.351264617718431,0.433402448988170,0.237879151074691,0.780384895378233,0.612744933188347,0.194962705010190,0.538142210753665,0.718254675517725,0.256928815402803,0.277712950368499,0.316838814209200,0.184735378371947,0.564247790383127,0.592568427718524,0.164074479656555,0.190286436998006
"loc 00018",0.575875578559073,0.895737195905935,0.833883752219577,0.948640213886627,0.833932670117763,0.520160471759381,0.640947274071781,0.957122704252037,0.868540953068799,0.840723864247858,0.931870087298403,0.690337969683573,0.412625589107584,0.786794251114757,0.348770386385781,0.909300144414000,0.831786126068914,0.000000000000000,0.473938786480042,0.729059230775537,0.908898151038811,0.926112934686846,0.834900537691520,0.494856300997977,0.703492151791020,0.839621225740057,0.704530860460886,0.763518341021339,0.758027379165385,0.747881951821955,0.861223848540999,0.446214666156178,0.833470827448412,0.456671730838765,0.904816657094815,0.634069961334546,0.985978812537655,0.606482247463179,0.702394394359620,0.771053706611053,0.714468448382848,0.692733063919608,0.611596182630362,0.825262378160366,1.000000000000000,0.548492706056065,0.816430305867843,0.923349883299565,0.266487963384628,0.412544347775182,0.701817571347457,0.848643600531025,0.682954694965494,0.695558954282487,0.491167287938396,0.506334008694959,0.875009638049140,0.775190085963482,0.760921737181528,0.737205517955262,0.806416180372361,0.496825520698195,0.907783079245504,0.458293933603608,0.778226931840449,0.859050211009696,0.810673092913696,0.892314015224593,0.695876354149227,0.611370531074010,0.769717462117295,0.930344751639544,0.772835990141064,0.694303363208523,0.683544034479056,0.491308289308241,0.611794784669810,0.445427371292401,0.909444556517597,0.420441406200075,0.623924661069502,0.808740741995246,0.495874451295062,0.868362767457570,0.657457211128950,0.540197683428428,0.916001607224367,0.491559020376311,0.238367483504683,0.862687383183688,0.656060430186888,0.488003648524407,0.889581937718938,0.719092487995150,0.813272545225632,0.762678605202523,0.513971723727159,0.318065577380365,0.893734713560659,0.703236017855764
"loc 00019",0.398562467111482,0.728682813424536,0.552429623881680,0.583484270326331,0.588726013235283,0.438890733453753,0.466313740468657,0.764520678164325,0.587803291043796,0.459545955841611,0.771352386790319,0.455057500562101,0.503963327691271,0.365025741588484,0.369026768524236,0.543806303481887,0.363936709356379,0.473938786480042,0.000000000000000,0.477493631343091,0.750808942453945,0.785710050752419,0.486718329071992,0.481855635181043,0.341277199741784,0.483799090839670,0.414916565999440,0.580888246656906,0.722869165429567,0.293685689146655,0.589012293481778,0.313417629774782,0.619595132945373,0.441319924370302,0.507793911548114,0.295865323983535,0.830139765767807,0.255178946648549,0.493382555049774,0.410216026969394,0.329288602183714,0.580879166207652,0.544075634016205,0.435999022312795,0.870115185729289,0.362881263245995,0.632610774119236,0.592522351949763,0.353010237370151,0.320972651363206,0.510039118439113,0.489627072701953,0.428330064664529,0.457860043560460,0.691350465271684,0.547421426325281,0.725695788428850,0.543134462897233,0.386162807258261,0.605553303781663,0.481530995799571,0.659066520729302,0.574345678771791,0.427274068646841,0.584980456033867,0.518256568419767,0.555920824722807,0.731049918065696,0.428488922827914,0.343866978496413,0.536793193677881,0.750472083709470,0.396169112986580,0.400102485646337,0.382041975902435,0.435005994745318,0.422650283626174,0.496281187755346,0.540436607549531,0.404621060131927,0.449216048217222,0.546406432467160,0.700016047954228,0.542530293468189,0.504552597081752,0.399596790455656,0.568978984564989,0.565397247577432,0.489046740036709,0.451614353542123,0.428068527587171,0.576067169912852,0.624665444155174,0.419390413078136,0.419424789805807,0.544228233692182,0.495680220141227,0.582974002683107,0.591612023105832,0.336728964032347
"loc 00020",0.404483726169423,0.703514304672372,0.338933645730103,0.346314854336730,0.335856716054837,0.593069942313085,0.271238381442333,0.735181127700868,0.361382929399608,0.090072231017008,0.656711004584753,0.281277424736361,0.604049051063767,0.109071574944973,0.635381287278076,0.345576614812198,0.421493963860010,0.729059230775537,0.477493631343091,0.000000000000000,0.488098756025206,0.761098706453606,0.245200329959166,0.675282436754727,0.513061775553063,0.456154088140848,0.203886244393725,0.475588202516470,0.394534311513746,0.472992941747960,0.334372184813427,0.649169147930203,0.385625563557545,0.221866077220627,0.266341480517590,0.147634886812374,0.905197913329589,0.200282964764641,0.309545575934481,0.339338606552845,0.639316614331182,0.290905568581166,0.571052089383450,0.098141977693336,0.947100421512892,0.357567431814975,0.444315537465264,0.380029409910251,0.636049459112950,0.310850356917213,0.217536506342404,0.256048183822979,0.240903517891886,0.127673840283978,0.753289531747604,0.638720923134226,0.473729645258691,0.385031387481400,0.605773508173618,0.381826836143725,0.139394245355282,0.715209222420097,0.360862668089731,0.405455513570994,0.296037385145292,0.291236420894104,0.447113773388349,0.646051182839504,0.201408612248875,0.156441784505627,0.112263602997763,0.407020782625934,0.305977144501434,0.214898537829276,0.191051460971624,0.157524777131490,0.359384261074033,0.521326188088738,0.393207161164376,0.212950442880894,0.262173855527974,0.352376959631319,0.928701170101490,0.261459760348788,0.237146488355324,0.314232698756783,0.364727595984595,0.770171746734609,0.687425877879318,0.162424540986635,0.144424807222213,0.679242241714199,0.446295258956488,0.245893776525845,0.079769546063641,0.369319636795527,0.163961563454351,0.688732229880173,0.396751748321747,0.265544889368845
"loc 00021",0.368993116677644,0.454272612234504,0.261382837074356,0.442579390618811,0.235472326492434,0.504904438364566,0.349419516744564,0.382718830097922,0.234094657055012,0.400504186181582,0.243167368123989,0.302444665286021,0.555663251361873,0.515755822061699,0.738138288353163,0.200767149286177,0.459954905610898,0.908898151038811,0.750808942453945,0.488098756025206,0.000000000000000,0.390315742205370,0.307547463944680,0.793361122828428,0.677390215910608,0.429455864441960,0.444979359380205,0.166664401516204,0.214823737546791,0.601538977977209,0.322421390598909,0.862039312272245,0.243997969535449,0.675087686638802,0.351057203199776,0.597147687082064,0.618528085168080,0.398625313993433,0.283420553900078,0.378593025643953,0.799480082041611,0.293531674826878,0.350653504263593,0.429713102526955,0.691539129300756,0.516668844866796,0.060869262546978,0.389768882160394,0.699936115075715,0.656227319350561,0.328481051888280,0.348850483683748,0.417428768477357,0.490937896218766,0.626458634497562,0.680369990729040,0.008756496691818,0.266981770900900,0.610113386756889,0.204434133352343,0.368108596962665,0.643718103285823,0.303738520229976,0.495746534495400,0.258984995088277,0.322825005535158,0.338316995937070,0.316507007575833,0.368033495460820,0.684145270783174,0.326091659738317,0.178084325128210,0.379377619364648,0.358007625961985,0.368201897251267,0.608834443746567,0.326029849583673,0.530136024620827,0.549709411629762,0.650031070148673,0.356098242327126,0.141584655287017,0.952361026578441,0.306961359886587,0.362758234433564,0.449146052584411,0.386972570278759,0.824922728292409,0.681747696217292,0.369937958079447,0.479785610223032,0.688303021659173,0.144386593714774,0.544281811293211,0.466103322514198,0.262893773032396,0.653937937075037,0.727255031846772,0.288592881349528,0.545328186029854
